64x64 matrix:
190 702 110 873 834 868 689 608 969 229 187 990 433 999 180 248 193 633 803 622 51 671 518 384 966 643 159 592 673 146 361 560 801 380 443 133 722 436 725 251 769 838 992 122 274 378 200 149 467 795 708 227 408 709 157 841 359 611 826 144 920 191 513 73 
659 314 920 117 652 785 525 953 329 612 418 249 567 338 651 401 925 160 630 660 749 703 207 40 466 56 793 710 865 813 852 118 902 443 873 127 838 63 168 303 431 458 27 29 513 351 701 831 711 746 930 234 878 179 68 898 468 527 404 36 633 325 995 406 
29 145 358 352 591 557 284 175 405 446 778 420 479 740 998 577 229 214 380 513 337 914 272 98 304 944 935 655 884 166 747 670 725 546 422 961 972 573 726 565 455 677 689 402 200 999 401 993 1 816 894 802 436 641 580 23 769 722 426 843 627 15 344 78 
757 940 362 434 48 809 996 287 234 767 2 263 150 111 874 98 98 505 854 601 737 252 917 474 828 958 539 160 132 590 625 56 981 547 594 254 834 501 761 996 684 393 439 914 670 419 701 984 859 554 433 854 394 852 625 763 526 0 26 447 249 686 21 474 
519 173 486 659 956 33 241 334 12 990 643 317 726 186 908 914 508 68 393 839 934 871 230 708 308 513 40 771 409 471 698 516 585 48 921 769 223 407 860 2 642 11 825 162 497 97 400 502 330 640 329 406 242 853 979 525 630 467 386 863 669 249 258 161 
534 489 35 371 367 954 402 13 623 711 335 798 712 667 701 787 741 646 371 998 24 705 968 441 771 887 705 50 904 268 434 199 430 524 77 106 10 53 715 890 880 580 211 807 219 163 540 846 740 621 138 55 561 932 933 112 961 776 571 643 989 542 259 891 
962 996 846 70 197 574 496 797 348 900 979 566 590 535 152 939 131 388 179 946 739 537 345 573 882 495 791 862 623 880 255 567 447 960 278 970 252 509 4 755 492 410 309 551 213 952 257 536 867 445 145 781 4 221 530 870 109 301 618 702 947 787 209 500 
517 283 650 204 853 411 418 339 232 226 89 135 823 395 666 552 935 131 662 297 603 413 55 813 761 751 829 287 929 767 455 187 947 159 734 509 513 982 718 377 592 246 763 166 621 157 745 273 994 663 926 958 331 933 229 89 711 875 525 385 250 539 396 545 
589 419 161 493 899 945 641 908 544 430 124 941 606 977 233 90 574 692 262 671 955 861 633 654 406 5 870 994 480 452 869 314 158 773 870 979 165 363 692 198 410 676 655 414 710 319 283 78 3 535 97 279 230 903 45 699 833 495 155 810 518 659 963 583 
556 664 575 554 880 100 414 53 777 54 640 458 519 983 915 936 426 857 192 643 194 355 575 281 348 112 520 365 443 699 724 428 717 391 981 246 346 65 687 958 11 28 939 286 420 544 925 514 478 351 274 416 507 95 11 442 553 621 121 498 31 603 599 63 
592 614 397 316 40 503 690 357 755 251 422 760 672 287 726 362 317 870 317 616 929 187 128 37 610 978 457 841 608 859 471 793 164 810 389 863 366 428 171 560 762 488 247 273 576 323 122 217 226 24 579 731 365 130 298 168 663 403 133 413 78 215 208 422 
354 527 294 222 994 555 513 57 745 207 238 255 28 559 727 991 229 836 605 766 0 132 991 181 814 810 65 770 119 448 542 563 881 291 776 846 621 529 961 475 644 234 895 872 214 425 380 852 958 192 580 35 323 599 493 583 15 726 118 486 189 456 255 756 
314 890 137 424 476 311 632 558 955 734 881 931 13 681 111 476 846 744 111 803 693 166 169 667 405 897 541 158 930 308 631 725 955 273 417 715 367 833 54 544 444 536 399 88 73 415 374 26 742 835 887 137 808 347 635 962 121 414 937 2 862 825 493 734 
30 376 470 548 575 357 602 860 948 433 551 630 934 902 188 21 481 508 612 399 86 437 492 288 884 418 543 95 699 193 266 989 667 356 621 24 417 822 408 276 398 10 816 893 562 276 651 897 868 226 899 89 324 129 915 768 685 898 173 171 2 130 229 582 
246 405 338 744 955 330 949 312 366 628 418 715 918 515 784 91 690 200 731 479 636 400 804 915 600 868 627 386 166 547 74 142 289 996 666 893 627 557 481 533 853 211 708 917 4 109 831 606 3 950 276 480 484 821 321 257 264 210 514 615 334 473 378 304 
387 135 744 462 796 666 792 532 586 403 604 3 118 152 575 717 201 654 454 698 599 869 871 268 269 502 716 955 806 888 152 610 406 470 21 19 161 534 461 959 72 307 698 228 685 426 51 340 693 115 573 697 402 450 227 747 441 998 120 833 404 77 638 296 
362 871 543 302 134 774 707 53 855 196 658 345 393 435 680 209 396 564 894 776 906 646 110 933 739 705 879 616 699 626 447 147 68 629 110 975 706 283 79 776 643 521 713 760 664 229 416 413 359 217 472 401 685 692 934 741 752 427 271 36 44 653 451 974 
791 51 380 689 604 421 34 990 925 346 503 155 465 504 408 322 396 856 241 886 370 824 404 419 669 617 389 507 271 216 607 54 158 987 448 629 80 405 650 684 65 931 176 246 917 236 504 161 340 413 142 128 129 707 396 496 687 77 844 228 890 967 452 931 
274 390 47 998 587 490 344 336 691 389 687 75 807 973 274 951 508 608 981 768 691 234 264 286 24 171 609 503 829 974 802 989 842 314 829 357 604 238 586 965 999 593 508 814 974 111 171 436 663 283 867 787 862 538 592 387 162 644 601 53 272 987 327 643 
101 494 960 754 577 945 708 455 335 532 780 1000 26 84 62 452 222 866 673 247 693 585 959 325 507 972 661 840 543 306 347 714 547 32 926 710 953 928 436 580 182 246 541 53 196 764 898 897 483 51 101 204 59 968 878 302 798 961 382 556 987 212 686 946 
900 711 354 285 501 735 549 73 905 195 979 127 299 852 930 96 228 566 364 562 527 340 521 182 803 519 7 937 649 181 883 954 514 709 869 765 846 973 16 443 136 860 726 646 104 789 789 235 298 663 666 923 68 9 6 973 366 254 428 489 975 652 214 552 
935 32 788 17 40 246 189 917 611 2 761 348 337 49 893 675 645 977 703 533 196 895 346 628 174 912 827 125 112 594 673 359 597 582 593 513 58 179 658 234 315 289 224 712 699 989 959 329 180 650 673 727 856 808 301 524 441 98 423 391 920 460 626 499 
462 914 522 309 620 160 611 476 145 62 998 975 718 300 73 500 285 568 43 403 771 423 122 210 63 941 503 577 602 213 0 930 468 903 431 438 6 878 644 339 611 694 917 867 680 29 945 27 725 660 933 530 738 781 244 64 776 596 416 940 147 110 503 946 
950 344 735 548 397 983 920 618 220 612 829 38 237 339 529 46 316 848 663 712 28 729 17 943 6 53 541 101 400 180 850 534 249 527 919 437 31 466 338 322 922 654 95 629 933 584 588 446 171 84 299 719 984 958 850 266 750 660 116 758 532 214 361 665 
483 619 61 549 134 285 171 332 687 286 497 943 655 506 115 789 933 766 936 585 40 579 356 799 68 559 50 837 110 187 316 809 953 238 430 929 863 960 937 260 327 726 206 725 171 203 881 462 866 650 191 231 496 766 654 964 736 196 418 63 179 388 345 441 
489 132 535 287 872 933 329 519 417 297 658 784 20 953 378 339 922 710 271 792 669 530 450 487 649 209 979 470 983 428 517 269 866 769 828 612 950 351 869 20 986 56 304 7 356 609 4 980 171 525 988 449 801 28 232 760 41 354 325 549 151 896 180 288 
195 759 840 593 38 481 841 841 936 202 485 814 462 874 283 551 67 39 286 406 478 10 918 175 506 869 227 605 738 273 879 376 2 915 404 142 617 927 406 404 533 197 900 109 11 491 126 263 451 59 326 55 424 592 452 613 992 284 864 615 568 385 87 761 
83 189 789 190 858 500 493 504 121 909 442 465 400 845 544 455 1 456 197 429 157 745 251 561 188 276 911 619 658 596 262 843 631 221 117 588 361 352 665 61 892 249 625 203 884 50 105 397 285 704 247 619 261 174 85 307 818 184 298 549 534 456 845 4 
139 253 43 153 702 264 731 452 283 173 372 54 613 171 668 246 605 755 386 253 691 606 788 843 817 563 285 33 527 277 912 266 629 50 355 985 564 580 680 438 955 904 592 655 364 40 131 578 325 970 209 128 134 477 405 264 66 665 790 725 762 490 666 256 
657 416 998 550 549 410 119 412 135 130 746 688 22 1 366 692 914 394 574 10 1 962 248 759 1000 875 121 64 502 605 773 175 298 748 798 898 699 678 255 551 918 85 532 790 636 568 390 392 70 76 819 540 935 624 18 116 973 87 430 980 204 349 71 692 
883 115 881 619 134 976 713 724 628 170 49 680 37 186 449 630 324 888 275 936 70 420 900 289 149 77 444 169 385 127 141 609 482 808 653 424 645 565 955 508 351 870 287 861 404 491 893 375 875 78 14 880 551 460 338 607 481 689 881 212 781 896 750 566 
609 435 763 250 579 820 867 61 750 381 780 641 216 586 580 86 61 949 833 434 392 308 999 110 355 920 492 863 971 333 282 510 278 592 170 165 906 599 98 696 486 178 743 849 999 835 210 976 820 14 1000 743 434 123 880 890 270 889 368 753 789 592 863 895 
341 129 796 251 360 368 22 925 698 637 104 843 737 810 867 508 877 886 60 890 871 284 300 983 749 435 607 193 940 726 85 882 155 323 746 829 923 213 637 104 884 976 82 922 163 431 958 923 212 698 222 318 968 678 660 473 670 156 305 756 101 954 762 99 
952 174 729 979 940 461 395 87 960 929 546 739 135 73 63 560 77 649 595 761 632 859 502 7 816 321 463 3 102 104 600 311 828 948 442 529 925 2 692 338 436 706 754 710 448 665 628 780 8 168 38 100 707 814 753 710 947 162 76 320 34 500 436 208 
178 384 681 26 146 944 379 418 467 897 628 817 206 758 690 257 559 433 470 93 684 481 292 318 415 777 929 989 581 654 735 103 550 702 523 254 696 858 505 512 732 830 294 759 583 885 475 257 736 134 718 939 578 995 681 258 944 26 30 732 402 530 334 240 
760 327 601 289 170 65 98 184 931 308 564 467 84 730 585 636 494 920 258 982 58 261 215 373 689 50 105 987 591 718 525 467 820 478 213 660 137 787 833 849 995 950 672 688 58 136 27 455 591 956 811 289 453 155 344 592 22 779 124 108 483 361 77 17 
377 410 465 767 84 697 949 181 291 452 239 302 789 421 543 615 792 79 679 500 410 259 736 68 203 758 738 765 85 34 773 889 568 2 384 921 244 966 122 12 271 661 558 966 508 169 893 665 987 166 932 723 73 507 295 251 418 102 487 2 892 131 451 665 
195 775 533 660 854 353 21 201 287 732 347 43 933 174 747 371 528 523 955 439 499 503 850 797 378 901 566 408 270 122 728 209 771 902 55 958 728 893 250 29 716 157 692 527 73 337 123 239 568 583 622 345 45 212 646 595 517 185 67 671 774 122 630 712 
723 903 171 123 144 585 644 680 234 608 133 340 654 836 711 265 732 650 720 206 553 551 7 430 977 656 126 299 896 998 952 311 954 346 615 796 664 515 832 452 221 794 500 288 16 871 227 941 269 175 548 9 697 283 723 250 413 315 343 265 101 442 589 280 
926 767 62 200 673 565 908 890 458 601 6 829 541 102 323 151 618 646 21 306 44 958 923 703 994 472 463 780 964 467 473 687 380 609 876 520 437 145 462 869 654 275 267 430 145 188 129 169 654 223 687 361 656 375 652 86 342 928 129 513 701 991 56 936 
825 83 710 330 153 428 528 79 572 500 589 485 819 835 14 678 611 919 219 542 352 23 175 88 590 968 517 828 328 580 327 823 867 186 26 562 304 511 75 159 876 438 81 659 733 717 86 344 521 571 697 980 650 668 123 854 285 891 952 52 519 972 902 801 
975 689 211 347 248 427 194 911 742 432 137 762 720 908 12 823 800 733 343 916 4 402 719 501 154 606 55 27 411 38 719 980 2 618 207 726 188 414 972 118 336 723 451 445 293 856 135 702 810 744 291 59 448 240 135 824 396 518 876 531 748 693 367 16 
132 579 733 407 332 201 478 952 970 1000 466 883 917 118 691 159 900 921 186 557 117 178 136 314 608 323 102 10 873 811 2 784 713 211 563 585 211 941 537 490 761 593 472 251 967 922 582 210 839 374 4 496 68 864 539 814 556 870 481 192 679 950 21 223 
799 36 849 399 269 329 781 527 264 43 967 938 804 225 842 588 704 47 197 444 645 105 826 911 928 417 427 159 290 971 640 49 958 634 259 582 273 649 855 990 84 426 222 504 264 486 408 414 14 64 119 296 772 498 825 414 146 283 340 181 1000 140 95 311 
684 417 952 991 953 462 648 192 637 223 185 947 745 698 885 155 711 198 226 985 918 533 638 827 124 663 725 542 179 98 953 885 571 922 489 679 776 536 634 514 458 451 327 304 223 231 69 406 959 8 713 219 649 950 806 868 107 654 317 242 707 361 498 955 
983 776 432 700 931 632 767 948 136 923 232 49 519 496 556 769 823 339 274 46 36 28 357 899 799 299 875 25 694 428 641 199 691 312 770 248 215 917 298 9 43 677 8 676 6 3 503 104 326 329 620 811 940 753 736 949 837 71 615 395 471 907 34 693 
129 113 471 533 8 446 257 203 592 619 516 271 377 926 962 806 650 653 479 448 57 872 683 814 190 198 623 792 421 77 192 164 323 829 549 410 62 748 76 856 670 8 781 572 651 563 810 44 717 848 196 814 919 695 736 36 430 506 861 32 68 881 803 748 
219 72 15 577 922 995 852 110 716 831 966 832 186 97 559 212 713 780 716 271 725 538 551 499 730 839 506 769 7 913 302 656 13 781 448 964 477 565 250 221 604 152 728 13 40 517 161 662 805 990 228 423 682 405 792 628 327 574 751 110 697 858 680 1 
770 43 63 499 333 228 760 492 23 643 199 871 77 339 604 90 256 971 85 12 767 711 566 30 766 693 986 525 950 488 932 512 292 747 333 806 566 333 449 865 23 276 658 111 503 190 385 560 833 98 279 256 201 288 882 107 222 822 852 511 609 2 636 393 
632 590 856 816 428 537 492 652 196 856 624 966 919 755 598 610 496 315 69 146 593 689 926 874 847 174 212 361 943 238 927 731 750 80 546 52 159 403 596 9 173 333 640 79 873 520 117 928 289 248 587 295 32 826 380 809 202 796 256 431 272 488 812 820 
852 552 727 460 933 439 332 462 821 615 642 764 646 823 391 778 845 35 358 617 695 587 880 82 55 701 89 562 804 810 402 335 37 506 2 200 760 926 70 886 106 649 775 962 657 990 298 894 109 698 794 659 731 597 147 265 811 213 195 947 450 259 931 742 
421 629 342 293 904 309 798 493 594 581 222 447 412 729 28 909 673 13 651 983 122 218 283 12 141 233 606 532 489 414 631 257 440 667 887 922 893 166 867 79 881 202 39 728 697 881 389 712 240 97 471 31 794 286 934 586 878 290 973 592 699 852 406 609 
391 443 918 318 406 26 111 459 930 845 323 328 978 495 664 390 248 254 262 670 281 879 6 348 770 865 138 853 252 343 901 816 747 407 598 713 214 496 1000 696 752 441 776 690 199 429 803 353 423 358 362 913 29 400 911 557 381 352 917 52 981 731 381 109 
601 294 773 212 905 898 493 146 422 844 217 358 850 651 619 354 249 492 83 115 79 42 87 273 507 456 634 236 44 264 787 343 737 768 153 60 636 878 231 634 264 322 84 787 853 585 295 981 492 637 623 537 424 227 946 961 424 139 254 122 501 77 478 853 
516 979 814 932 936 554 882 969 5 32 758 386 660 194 341 175 829 707 114 931 756 872 240 587 847 207 68 597 848 284 483 405 386 37 27 728 699 844 652 29 267 965 837 167 150 132 495 85 875 338 422 879 842 696 619 736 518 291 701 120 876 144 420 651 
263 55 773 744 923 760 723 657 493 615 328 370 755 636 845 774 242 241 272 306 830 324 938 264 738 83 145 250 953 619 279 623 643 365 398 537 934 643 963 937 779 664 944 196 808 695 685 181 580 736 610 176 498 761 797 154 380 299 827 715 490 209 886 612 
306 66 363 38 25 297 443 229 848 54 296 345 557 281 643 838 539 96 877 587 950 92 477 31 895 215 391 638 418 296 61 780 508 823 15 954 255 75 567 918 531 645 2 321 369 172 877 385 645 742 59 530 223 765 168 163 636 17 893 290 165 276 328 341 
565 282 760 764 950 491 647 67 209 125 484 8 378 711 261 91 920 59 749 432 709 300 271 741 296 604 716 847 150 191 219 827 927 72 123 327 889 817 61 551 345 364 37 698 985 567 762 974 16 85 788 546 830 497 44 755 394 484 55 50 71 478 238 355 
455 104 351 108 246 670 193 696 648 907 668 679 795 154 25 766 59 381 232 442 441 831 360 391 427 296 122 309 583 300 578 380 742 548 755 129 954 756 179 258 460 104 17 263 792 122 256 807 699 51 499 694 632 758 731 27 267 595 46 306 152 593 995 696 
588 942 219 677 783 531 626 107 339 455 533 303 499 555 864 193 237 860 519 884 166 506 20 394 819 56 668 951 377 874 616 276 195 307 381 879 840 882 192 828 757 559 504 635 134 652 508 943 702 200 380 819 611 587 546 338 378 266 94 591 866 912 371 538 
454 853 766 267 976 988 122 489 353 938 304 1000 814 217 850 358 465 656 634 348 927 401 640 774 571 750 349 846 685 845 309 527 478 14 665 622 17 710 535 335 582 137 804 808 132 188 655 279 294 867 181 491 227 703 869 256 133 840 991 639 776 166 832 395 
587 579 270 57 164 422 265 53 548 784 2 790 126 900 896 604 179 328 37 976 833 740 360 37 759 973 377 287 533 767 34 335 561 52 318 987 902 44 510 914 972 489 802 461 316 41 407 469 339 507 754 362 498 420 636 854 896 59 562 646 342 434 353 243 
559 956 209 509 67 28 505 974 394 891 635 878 260 105 463 466 872 940 869 846 889 838 384 821 903 464 517 834 866 617 223 62 871 839 304 157 762 902 970 869 60 879 441 693 566 712 901 20 839 576 251 712 214 558 989 42 759 606 501 755 292 744 508 438 
776 951 242 201 799 474 564 569 595 675 284 229 691 94 110 498 179 249 410 333 17 495 230 331 133 248 189 489 926 596 545 329 343 918 757 561 731 199 145 142 732 80 225 44 912 797 218 510 713 852 797 293 940 758 273 631 218 681 855 119 978 334 908 993 
