16x16 matrix:
25 384 477 729 285 908 125 981 568 594 561 149 56 511 182 542 
53 85 311 160 785 490 892 919 360 133 93 18 800 260 703 499 
333 571 140 392 465 824 506 802 626 517 641 896 681 736 821 165 
161 664 449 454 486 999 126 336 500 324 360 241 332 348 316 152 
708 461 561 825 778 236 760 38 978 791 243 781 736 716 140 806 
863 759 867 781 507 750 855 50 395 875 519 981 64 282 376 964 
137 304 847 507 373 590 473 515 62 553 231 163 394 487 912 765 
764 729 88 290 555 492 976 872 569 187 486 270 592 904 608 458 
740 824 952 273 6 524 590 523 944 540 496 619 4 786 940 922 
98 657 204 664 89 781 587 601 984 985 745 964 578 593 908 38 
93 589 769 910 901 167 605 77 592 803 154 651 452 439 462 236 
125 50 248 971 138 782 677 706 496 548 486 460 421 694 305 213 
426 36 584 974 832 429 456 421 827 744 330 178 692 533 393 663 
493 189 128 945 567 5 755 616 592 321 496 232 318 305 169 170 
875 803 510 99 46 274 78 532 860 116 994 860 908 677 647 407 
600 911 525 141 240 176 881 413 268 4 146 256 766 990 33 63 
