16x16 matrix:
382 183 177 468 252 332 400 810 703 650 274 435 656 422 175 308 
169 323 46 165 96 238 806 977 775 663 545 459 620 834 839 536 
310 692 523 102 267 260 405 574 868 390 397 82 555 922 557 189 
940 652 76 346 504 400 965 380 650 58 103 591 715 591 704 635 
568 564 790 691 546 527 335 153 177 516 951 685 324 642 851 101 
129 295 894 281 33 27 757 676 148 47 659 732 140 203 943 906 
426 33 804 92 381 665 159 172 467 634 383 430 672 855 757 142 
323 120 984 441 291 76 487 499 359 408 803 762 3 609 912 990 
280 405 528 99 678 3 170 553 621 948 598 593 255 242 202 477 
248 667 849 307 828 347 351 615 177 250 68 396 967 762 818 437 
825 714 754 767 994 176 784 58 127 34 117 811 567 484 518 711 
353 34 665 574 177 409 634 627 238 220 885 47 213 828 861 71 
496 78 277 75 980 266 807 194 30 897 623 800 151 498 997 949 
611 36 711 626 270 394 484 605 285 886 757 439 482 109 558 410 
650 25 273 219 239 558 190 575 151 806 349 335 392 537 734 900 
725 67 268 184 839 355 12 735 498 893 2 56 51 908 800 190 
