64x64 matrix:
166 662 401 803 892 674 963 873 833 358 509 516 930 958 237 356 582 612 829 28 704 952 650 26 312 89 332 661 869 750 614 434 491 31 363 491 639 234 452 551 203 637 223 287 144 262 375 659 482 313 639 972 430 373 191 322 970 956 477 32 478 135 253 649 
873 993 321 961 830 595 133 229 338 892 754 745 874 274 906 788 588 974 720 790 198 512 582 878 429 756 410 631 816 847 557 624 417 344 188 11 820 59 73 636 901 337 952 186 329 484 813 51 55 145 93 703 255 603 193 696 381 555 326 461 563 609 6 904 
552 639 553 637 646 158 282 152 323 773 795 195 152 43 219 900 744 689 272 344 736 466 214 230 75 113 833 254 857 948 773 797 34 331 43 747 144 761 902 943 358 124 697 360 281 488 889 155 301 323 603 50 283 306 751 572 281 661 366 828 372 756 532 54 
190 344 449 391 692 616 758 281 618 613 644 260 829 531 395 481 790 533 262 216 911 572 790 255 575 854 430 587 137 440 756 844 256 20 489 44 666 96 111 750 604 474 736 642 321 164 389 193 64 480 242 611 456 964 312 86 779 825 594 70 199 461 950 94 
515 733 418 170 420 108 20 389 504 530 912 349 650 676 696 992 801 684 525 699 357 102 609 370 346 843 256 220 329 984 477 927 41 100 404 904 473 169 791 566 936 697 984 8 645 845 830 795 870 694 325 746 329 358 198 87 625 876 971 423 900 213 825 571 
72 72 324 906 921 745 202 788 927 253 768 110 8 184 249 367 478 489 706 690 995 279 452 469 938 274 745 864 243 80 183 463 260 663 914 655 655 675 390 767 767 757 764 927 824 792 586 454 150 481 201 303 201 654 41 209 134 337 238 352 859 921 875 781 
118 79 936 347 927 645 775 822 618 51 477 912 837 298 5 795 868 586 354 563 443 534 364 444 453 411 531 468 112 34 215 971 60 416 904 518 174 297 645 923 41 868 662 339 444 81 803 903 427 576 585 58 398 531 846 958 354 603 466 669 851 933 87 352 
995 997 22 599 76 533 919 45 482 204 615 343 584 581 740 767 692 660 775 572 729 723 628 195 417 38 254 660 827 268 339 38 674 916 516 999 298 289 647 387 274 620 545 752 103 964 543 903 989 801 929 47 464 603 632 310 872 44 91 194 469 137 456 339 
538 481 510 489 726 225 316 882 743 454 302 425 729 697 392 290 781 703 631 10 377 784 66 603 876 288 670 623 494 832 441 242 17 75 688 505 675 822 876 644 385 537 943 658 64 266 282 867 589 881 868 94 749 818 353 678 976 92 912 664 401 459 734 570 
185 588 466 800 604 726 192 430 381 207 82 991 696 920 396 900 616 97 831 484 662 812 127 355 291 459 270 301 723 699 367 191 405 427 316 624 782 804 756 181 449 322 738 560 337 453 941 874 146 144 945 518 229 760 45 883 635 726 371 662 446 953 751 937 
775 178 488 536 379 612 280 914 242 257 431 119 958 383 943 174 459 8 715 292 861 64 501 854 1000 120 437 485 30 377 933 412 942 883 928 880 256 534 164 491 2 339 32 778 942 687 139 86 884 557 179 166 271 272 723 983 253 527 6 260 372 773 332 225 
359 6 471 970 213 413 813 750 425 141 878 693 720 573 966 399 183 88 715 447 220 942 381 136 690 999 189 357 951 12 834 935 969 839 789 587 527 184 91 447 43 774 872 107 420 768 71 628 799 292 913 235 427 357 653 196 948 956 775 969 821 765 325 113 
152 269 591 761 423 146 695 14 53 741 452 744 551 674 148 526 225 155 319 264 384 950 223 942 782 763 987 479 50 894 756 765 303 739 561 381 213 250 568 511 392 11 829 677 62 288 218 416 627 738 545 645 406 514 996 508 300 488 495 323 162 663 326 568 
992 255 713 312 872 435 205 626 928 591 311 799 191 762 516 396 21 102 464 889 643 770 928 147 862 8 142 949 120 132 798 839 418 71 319 848 381 836 241 83 682 784 650 876 628 344 29 74 870 272 596 218 733 431 112 669 196 723 696 794 243 659 733 501 
765 389 56 756 896 988 400 540 617 319 886 143 798 503 686 430 477 415 381 607 643 432 676 571 999 706 910 610 648 399 391 836 422 469 387 892 253 160 370 450 632 525 283 871 976 291 91 186 740 66 34 20 949 628 166 471 535 426 432 167 356 682 977 89 
836 630 439 44 31 680 949 801 211 314 944 579 568 590 417 377 743 420 751 705 369 697 449 238 20 552 683 920 219 671 35 156 609 466 677 521 62 263 567 336 270 565 612 37 261 266 470 295 412 387 699 71 945 352 28 6 410 507 516 387 701 809 845 280 
861 889 355 125 681 654 745 760 352 624 549 485 575 299 514 734 133 884 37 859 846 866 256 194 362 469 65 360 692 271 573 657 214 467 82 514 741 11 195 702 31 240 776 118 406 477 676 46 122 694 173 814 244 214 95 67 157 327 653 620 485 624 824 152 
253 269 63 722 942 176 212 324 717 80 298 488 9 207 880 309 422 613 429 918 895 520 919 961 477 982 295 576 750 466 416 511 713 705 460 890 689 756 224 379 320 518 469 666 291 118 44 439 714 189 452 339 283 976 145 54 405 546 760 44 191 13 685 37 
316 851 141 265 750 913 674 899 461 77 663 348 873 771 138 421 681 307 495 929 944 295 353 195 405 818 811 417 760 364 997 373 627 398 744 696 155 141 457 325 502 14 654 389 816 161 643 51 418 871 352 886 503 62 748 926 718 591 669 91 289 113 436 726 
681 203 800 784 758 760 549 845 217 902 270 447 817 406 920 614 435 868 820 47 756 292 929 602 702 983 552 870 922 49 664 536 271 323 893 814 607 535 249 707 667 516 255 709 943 198 59 841 684 639 29 813 494 54 664 57 788 674 368 21 843 67 262 547 
424 938 207 53 626 776 753 918 6 811 585 265 359 958 324 493 305 140 995 895 536 641 538 35 608 465 284 777 320 774 33 436 6 676 119 25 945 651 940 80 462 333 616 961 970 647 349 868 853 917 778 328 749 944 54 668 720 990 580 248 810 524 530 246 
323 384 726 450 599 927 425 198 359 933 712 953 72 895 988 762 671 884 194 920 600 865 678 498 820 932 240 1000 580 725 939 91 3 485 461 617 893 774 283 629 57 861 419 107 844 946 447 712 735 950 648 124 317 196 689 605 48 639 414 267 274 246 875 803 
994 656 99 941 937 897 929 318 677 681 283 237 709 881 776 456 128 77 317 550 430 715 187 10 184 767 713 33 659 779 939 701 209 704 970 541 857 643 346 167 650 333 167 382 648 634 527 960 39 605 673 313 862 232 763 232 674 908 75 387 94 273 838 393 
986 937 814 386 726 405 84 748 857 212 475 879 179 242 617 440 921 173 788 300 382 228 786 828 544 249 949 747 764 538 181 74 66 904 501 43 387 994 901 43 493 890 782 782 788 122 507 921 120 653 571 9 383 964 901 209 423 21 411 552 59 582 231 691 
892 762 978 358 871 516 874 561 415 237 258 76 406 113 357 114 90 704 50 242 662 647 775 961 334 895 25 892 787 819 253 708 406 265 106 585 628 191 405 96 313 695 755 577 437 1000 794 412 329 245 339 288 123 184 527 61 168 241 788 639 649 328 957 32 
101 551 587 782 628 24 119 25 896 95 352 736 259 441 840 551 804 416 87 495 120 261 453 714 418 286 587 867 526 287 961 585 474 872 956 966 780 784 277 708 606 9 651 810 784 546 914 471 598 989 788 41 819 858 992 640 800 399 471 638 64 277 874 964 
127 80 577 79 979 987 652 664 665 733 943 593 869 552 495 343 513 71 228 343 3 655 281 253 913 950 385 60 562 956 255 91 310 568 499 716 609 981 251 672 6 886 829 822 64 392 658 361 629 873 294 754 841 602 849 536 114 986 942 632 342 517 686 80 
592 63 484 403 346 9 87 644 648 64 807 45 282 852 124 577 186 65 342 257 286 396 894 564 55 251 356 591 970 951 3 249 324 743 110 653 550 970 165 634 802 713 742 584 281 784 408 406 155 468 203 871 38 150 606 396 196 743 821 758 94 568 147 38 
339 424 971 634 370 280 67 723 595 405 246 307 744 217 489 543 599 310 283 109 610 181 816 314 208 665 222 347 984 866 565 202 164 1000 424 659 165 451 646 48 79 642 975 117 928 244 661 461 420 992 445 915 895 623 841 153 172 841 830 485 515 836 277 548 
690 430 486 596 647 161 775 227 582 410 863 711 1000 937 226 455 837 819 87 943 291 590 151 537 76 320 510 761 730 644 245 558 642 280 986 68 967 441 711 604 313 977 766 261 125 214 731 719 280 704 683 231 817 249 269 493 65 234 967 596 139 732 2 208 
652 937 637 106 494 194 678 711 972 141 486 885 16 336 710 421 164 188 211 259 773 244 243 124 871 147 857 718 265 520 599 970 690 327 277 663 20 852 695 399 872 972 869 483 333 398 723 256 353 63 9 187 805 408 166 460 629 820 461 149 787 703 502 586 
926 823 580 47 48 859 77 851 690 831 853 253 466 193 557 318 967 77 533 407 694 745 853 174 419 875 144 737 486 309 504 998 900 52 116 824 367 467 718 484 454 49 854 569 92 733 645 50 803 212 438 208 468 808 203 804 819 65 518 957 162 824 181 994 
627 664 937 976 681 98 612 736 792 324 534 629 369 395 176 331 627 959 393 461 659 707 436 787 98 760 879 847 191 344 706 59 240 156 904 994 415 718 569 905 323 917 115 227 396 660 442 846 767 594 479 942 91 549 710 900 47 733 466 433 861 138 872 21 
359 789 540 586 823 545 398 103 453 670 654 731 780 682 412 329 950 136 415 271 231 24 397 758 766 554 345 863 4 709 230 439 311 169 682 390 283 324 959 362 534 145 206 145 763 336 0 808 726 745 55 107 214 471 561 930 580 272 533 510 8 350 173 10 
603 830 851 605 486 1000 830 693 641 290 440 713 900 882 61 721 82 653 528 446 947 200 706 97 711 325 393 998 388 543 378 536 208 825 309 50 174 540 662 851 316 155 203 260 379 309 371 187 530 936 446 233 715 106 114 99 537 300 711 178 960 5 607 458 
606 482 252 148 783 50 363 814 673 804 253 703 490 752 825 273 8 164 974 958 386 703 749 245 924 809 68 482 352 103 619 747 260 130 611 836 939 222 863 950 139 885 328 73 218 798 374 48 859 797 805 236 422 637 725 559 693 791 810 248 647 890 283 631 
688 904 458 704 90 195 36 944 939 895 532 464 10 802 455 364 199 422 85 48 811 473 840 474 4 330 746 593 115 257 267 320 503 780 659 884 251 381 920 586 354 965 300 455 822 740 150 721 285 448 707 243 328 887 748 626 953 864 489 36 573 237 742 200 
412 448 781 357 528 678 61 584 422 241 943 878 656 742 597 179 400 381 143 863 640 686 79 388 759 305 603 509 238 685 106 957 228 197 962 966 618 235 934 240 614 902 403 157 269 320 647 557 698 341 988 493 662 805 797 738 593 400 797 481 197 321 32 83 
897 807 350 399 796 803 835 963 454 509 58 335 860 376 898 406 920 222 194 684 750 582 489 372 465 393 547 468 610 711 235 470 997 169 770 503 1 19 671 738 399 745 302 96 98 865 950 1 166 892 475 571 279 989 562 225 857 141 688 250 804 945 596 230 
710 774 657 74 997 260 586 580 976 249 777 807 232 73 635 280 218 771 486 700 305 820 427 715 812 154 857 655 552 240 835 166 823 756 500 835 465 691 270 764 408 288 107 315 206 276 174 34 403 227 555 297 883 650 836 645 328 146 286 609 563 214 155 413 
168 436 94 704 844 523 725 776 133 49 251 470 943 931 189 83 680 280 76 514 67 129 382 225 343 861 237 426 147 50 135 251 164 268 258 265 654 112 143 136 565 367 664 841 678 99 964 463 913 804 996 805 898 336 125 357 756 427 580 274 469 394 893 921 
597 42 952 659 75 61 616 376 435 279 195 22 473 778 466 677 825 694 789 168 45 298 393 893 346 147 783 189 997 422 72 929 810 69 553 1 51 4 264 623 533 883 832 908 603 768 515 949 330 829 638 772 506 684 240 7 830 575 788 117 794 44 775 317 
472 466 593 889 95 753 193 532 459 288 830 42 786 719 11 561 691 683 790 419 267 957 900 992 515 543 934 772 806 324 153 399 251 475 591 565 705 942 364 62 742 233 119 646 90 511 974 431 203 581 773 105 799 85 248 580 896 135 999 63 101 957 438 82 
510 353 768 504 816 282 412 83 852 654 683 314 451 347 538 707 964 649 25 717 327 749 565 197 99 197 971 42 311 331 166 531 377 379 538 779 469 780 989 785 456 417 168 810 539 599 969 368 129 954 415 703 938 356 470 930 179 774 50 870 970 816 1 32 
208 169 466 424 300 172 251 882 388 16 137 771 579 622 347 668 456 557 409 392 599 222 95 756 977 960 937 795 497 137 357 40 387 311 353 107 514 422 923 413 53 820 414 39 142 174 655 739 356 709 450 552 42 19 150 183 198 551 808 943 731 841 99 497 
608 100 667 894 633 559 380 322 388 915 602 284 640 317 197 717 963 814 413 61 173 869 506 218 745 739 755 541 547 169 435 320 60 945 902 792 359 394 311 835 597 647 298 632 261 887 720 832 882 946 8 58 676 956 486 898 612 950 716 143 164 848 761 256 
532 887 552 666 107 749 779 653 113 738 622 444 576 739 289 290 234 688 333 177 606 538 556 543 618 712 952 127 198 856 296 768 302 198 898 17 349 914 498 794 442 529 660 587 873 354 985 993 904 87 811 991 239 47 382 612 177 729 391 91 773 360 936 518 
237 160 367 81 741 460 762 614 851 388 207 153 490 146 266 185 136 332 304 303 677 257 736 971 189 362 358 158 965 502 48 762 28 294 287 427 781 914 114 785 458 681 536 851 240 347 968 891 61 492 381 743 331 370 822 386 255 681 155 822 568 108 622 721 
758 925 294 285 429 610 423 919 84 783 882 29 572 801 755 555 537 822 767 88 558 821 245 468 735 474 822 551 416 858 672 193 681 996 460 858 131 41 869 407 362 608 849 166 277 893 509 43 520 200 525 350 661 334 410 343 633 126 594 94 176 850 888 433 
122 987 454 469 336 578 496 226 125 619 445 562 139 59 787 247 619 779 693 256 948 163 543 280 614 112 518 495 695 382 285 453 242 111 574 797 903 718 268 612 607 921 249 303 772 553 847 869 102 993 585 367 764 891 69 193 351 474 499 693 614 557 19 254 
803 758 102 301 434 178 896 70 848 800 853 599 610 450 559 981 538 463 305 549 670 440 183 789 609 116 585 187 941 633 500 791 515 106 851 448 819 696 290 298 988 144 739 220 894 898 103 455 609 690 26 150 950 564 573 336 943 835 762 215 895 830 153 394 
558 648 440 340 44 505 454 857 457 699 463 131 658 317 372 126 340 705 41 198 541 664 197 767 527 25 307 514 355 993 728 772 282 104 821 881 705 947 88 732 212 578 149 114 372 602 525 417 372 882 721 308 891 529 771 208 456 94 632 889 907 282 194 94 
548 322 289 188 684 951 350 193 275 824 23 854 696 399 211 195 827 834 894 555 86 260 496 209 893 228 151 853 945 162 101 873 334 765 892 748 233 590 402 138 915 503 128 505 984 350 125 499 713 627 550 235 52 445 619 311 134 39 228 605 563 745 780 208 
948 454 532 89 33 972 176 968 327 964 848 16 937 695 906 676 656 309 690 649 809 103 301 121 718 532 361 401 714 31 448 648 444 88 315 118 301 936 270 104 562 779 480 403 165 822 827 986 302 417 619 573 428 774 806 155 44 135 478 111 62 954 358 194 
862 37 778 405 832 144 640 717 217 92 78 835 444 736 649 965 250 702 900 396 316 103 495 952 517 394 653 61 51 557 753 846 78 666 552 562 888 592 787 294 553 208 685 785 419 322 315 426 436 657 827 558 559 106 155 976 844 838 697 385 814 215 533 95 
133 238 859 419 387 673 406 589 560 635 941 345 502 780 325 884 670 513 489 472 364 49 718 541 909 828 32 197 465 908 115 589 403 603 343 834 26 476 439 36 338 956 180 883 408 605 173 828 757 432 168 312 23 799 423 178 538 501 236 730 730 934 603 823 
982 928 329 643 796 11 68 843 115 452 68 65 778 213 392 74 179 964 990 179 279 469 981 451 682 305 852 121 392 335 228 778 178 900 260 852 128 752 661 353 892 151 433 555 67 923 362 460 737 89 226 230 305 308 827 216 225 141 632 516 376 672 63 467 
494 164 452 770 455 762 142 507 231 188 215 712 220 983 461 827 498 782 203 824 667 795 523 427 325 632 419 277 595 503 1 103 459 768 269 354 111 144 62 203 677 522 750 104 630 109 706 932 928 593 430 669 699 340 691 368 543 470 13 752 569 483 452 709 
245 671 639 262 752 305 827 909 641 917 756 811 618 106 324 37 573 921 193 986 677 313 744 395 993 681 867 722 337 870 349 739 903 33 372 232 550 725 332 28 403 397 155 813 258 439 369 160 357 156 127 466 956 912 885 149 520 974 570 906 443 398 973 768 
80 26 379 68 370 205 610 990 811 521 974 599 841 808 602 635 260 607 111 621 810 503 461 831 926 737 372 948 232 793 143 63 507 751 746 120 219 7 389 132 998 639 749 315 383 224 437 95 285 656 1 504 236 483 741 81 226 103 402 784 403 582 560 523 
871 568 180 2 455 599 455 902 591 397 672 541 560 546 337 604 842 854 900 670 641 963 291 431 359 588 804 980 642 299 256 149 832 179 631 241 212 106 28 944 407 517 969 176 674 455 201 220 64 967 263 413 660 149 455 320 326 287 863 5 730 570 95 485 
18 12 803 887 783 281 168 755 237 664 373 470 351 496 151 918 312 669 995 496 548 325 543 455 913 430 570 980 643 118 219 728 882 783 547 209 798 823 834 759 302 123 153 863 262 287 179 390 400 591 948 857 791 188 636 240 720 343 964 945 393 560 811 775 
897 904 496 367 680 782 683 962 951 455 474 396 741 922 572 926 527 560 578 221 159 111 162 38 696 65 426 334 448 779 282 238 827 297 275 974 367 101 673 793 125 659 955 983 224 350 781 804 370 905 625 647 697 374 623 823 242 273 63 363 46 249 205 905 
35 741 280 759 690 694 647 802 282 108 193 511 160 775 421 812 422 738 652 711 427 389 674 595 337 551 696 404 218 401 390 383 953 43 974 876 100 173 831 307 309 611 656 961 421 645 658 664 317 638 514 975 707 544 860 702 981 497 741 112 219 554 930 28 
