matrix A:
740 74 355 873 587 807 948 364 438 931 156 940 989 824 207 113 600 801 409 316 318 49 455 586 556 209 13 716 390 281 287 364 84 832 266 708 152 245 953 489 968 866 425 715 763 246 890 330 771 974 998 880 616 32 325 856 406 501 312 613 828 876 765 613 
406 5 896 194 815 601 457 157 11 725 940 464 172 910 38 664 990 274 775 619 911 150 620 182 668 813 420 973 886 903 559 231 816 17 64 506 813 850 853 232 587 230 738 424 154 623 559 449 520 897 95 402 414 550 28 848 356 335 810 900 840 649 809 670 
538 92 42 499 324 259 342 93 347 526 619 295 892 781 99 751 104 43 269 417 272 201 755 668 159 842 582 69 309 15 605 865 729 41 859 514 150 461 465 486 947 339 411 361 399 103 88 438 14 673 734 768 196 912 524 903 187 195 265 399 409 7 725 598 
787 740 697 761 962 638 653 900 912 223 52 841 580 380 47 923 287 280 286 42 402 377 806 436 991 535 991 774 181 386 301 566 867 629 720 663 470 755 422 79 425 744 810 337 836 597 38 799 203 656 613 665 224 791 761 113 669 684 57 159 679 832 198 736 
495 408 543 697 557 703 538 870 797 899 548 893 799 64 392 906 670 858 441 696 956 277 635 258 986 277 366 146 903 249 828 857 574 15 54 666 395 720 776 18 10 591 1000 366 970 13 17 349 209 401 296 391 862 791 487 842 719 8 444 758 869 103 499 203 
475 549 613 812 789 655 448 504 229 146 377 122 165 791 85 781 670 953 956 327 632 532 60 654 646 909 599 741 161 419 381 34 724 174 911 987 823 749 221 636 277 578 642 80 486 241 129 352 534 647 530 718 833 438 393 444 419 586 979 284 536 159 829 480 
730 83 775 289 621 200 907 540 727 395 542 475 473 25 764 39 288 918 256 731 635 963 72 151 441 166 214 389 16 190 392 327 908 333 912 815 324 735 996 956 403 367 234 495 808 675 113 909 470 618 996 879 782 460 738 37 270 557 888 747 617 749 470 494 
487 582 878 630 517 803 371 979 676 754 901 278 910 838 514 225 682 532 885 86 931 794 585 291 291 82 194 945 139 480 579 587 998 829 368 781 148 684 748 84 187 294 380 699 469 9 311 58 940 93 790 551 851 586 725 301 88 423 842 254 122 4 747 957 
224 518 453 209 127 512 962 823 254 270 440 994 363 762 821 526 708 378 930 787 198 604 243 910 434 966 807 388 0 711 503 229 865 97 303 550 890 822 694 513 822 75 406 312 334 511 636 229 752 993 248 51 510 587 407 367 64 896 676 80 245 128 331 456 
397 700 813 938 367 834 762 722 204 103 694 287 123 255 406 432 110 44 585 523 136 492 119 632 654 207 692 981 792 285 734 231 719 253 722 412 699 557 493 601 168 565 588 306 324 79 304 408 735 330 575 844 395 733 999 165 861 764 716 807 708 36 908 590 
286 679 545 788 761 323 206 895 689 659 290 13 918 149 566 896 751 261 593 993 885 793 486 846 564 972 52 115 2 225 448 816 330 415 531 630 292 67 152 108 608 915 574 13 973 750 143 231 664 43 92 53 157 446 268 836 935 658 718 599 349 124 419 263 
956 692 293 231 485 930 273 135 396 456 612 671 479 637 134 410 766 348 400 56 151 858 933 229 274 570 408 286 693 147 295 746 15 155 654 659 12 663 383 781 994 427 537 801 660 713 946 452 323 48 917 122 765 737 865 204 177 173 17 159 726 911 705 264 
395 30 42 301 962 20 850 459 605 254 555 435 603 129 665 18 172 819 336 703 235 507 11 319 340 392 509 820 446 585 208 482 377 424 527 689 451 67 795 56 508 309 631 124 942 681 460 915 693 624 334 562 814 516 887 290 129 712 116 736 719 923 887 826 
417 504 779 50 630 827 844 855 753 525 613 793 546 641 40 317 586 699 978 530 634 857 122 259 975 135 236 373 668 41 628 22 847 677 275 769 636 81 356 668 305 959 656 155 747 111 416 371 494 304 367 315 707 543 961 991 707 580 755 718 725 574 155 801 
65 841 398 267 92 843 483 915 382 513 560 209 595 867 542 742 574 117 186 669 462 934 167 378 837 227 527 828 484 127 396 825 893 238 907 251 40 553 376 319 665 388 893 464 916 582 407 990 170 646 6 733 519 292 167 538 425 698 23 55 491 593 425 589 
169 672 313 389 957 932 119 297 429 958 475 956 919 722 721 418 565 918 213 65 899 319 822 502 280 727 469 246 427 770 665 458 478 221 520 715 717 591 115 339 506 923 478 515 458 195 820 29 593 211 388 143 40 83 873 238 546 226 842 284 412 232 97 393 
366 15 80 448 607 630 860 517 906 245 409 304 360 840 591 90 864 931 598 84 553 483 921 444 372 790 758 240 31 123 243 21 524 148 183 959 703 180 89 127 332 113 330 285 369 44 781 634 363 674 363 977 353 201 724 858 745 918 394 782 177 524 14 43 
457 599 769 864 810 625 125 525 399 796 80 732 420 896 442 444 911 214 301 262 458 888 184 311 588 252 815 238 276 615 982 620 897 577 38 861 285 275 61 604 945 416 560 518 629 330 870 153 362 908 186 586 440 88 341 879 627 347 617 571 324 933 45 609 
936 919 326 941 28 958 212 113 564 793 434 675 308 619 353 406 805 51 969 669 354 976 446 317 478 453 606 581 1 318 969 375 559 965 361 787 205 239 643 919 248 685 392 32 516 899 466 29 943 123 745 8 117 41 592 491 106 396 761 535 317 495 817 391 
404 669 848 540 648 113 159 104 217 554 445 836 76 488 832 212 458 493 164 278 493 653 376 764 241 912 814 720 809 806 879 615 568 217 653 752 22 826 725 650 280 845 864 559 912 389 490 270 569 582 853 605 482 409 814 394 928 660 895 931 716 369 743 816 
250 252 439 599 961 593 401 726 102 946 403 593 230 516 559 238 131 804 985 699 494 834 528 407 948 825 283 98 337 897 740 595 969 486 340 326 62 784 691 912 141 411 990 504 748 406 22 852 345 312 973 28 39 486 824 228 759 129 668 61 124 542 644 75 
386 603 244 693 707 5 682 164 801 684 28 687 693 812 869 802 895 248 618 891 495 562 439 508 561 974 585 256 713 253 977 149 990 610 591 639 461 158 302 428 610 74 268 466 69 511 82 671 888 386 166 172 182 760 166 555 134 932 213 87 894 660 248 209 
366 241 706 329 285 792 148 933 432 20 264 35 70 830 808 969 248 489 194 982 831 304 929 974 984 663 628 3 975 614 903 379 876 934 53 546 286 759 898 613 686 184 748 72 37 130 132 384 858 396 687 457 702 520 918 583 947 825 435 477 266 593 147 711 
923 49 655 436 267 22 835 215 700 713 80 664 163 212 202 598 329 256 324 860 675 305 997 663 812 80 930 586 89 313 582 476 573 326 59 427 958 493 675 227 960 165 815 651 691 936 588 742 226 288 296 845 435 450 476 600 579 490 101 777 978 212 884 263 
602 839 276 765 427 200 418 42 516 756 440 517 992 20 344 807 618 731 981 74 662 198 156 163 720 918 113 773 351 633 417 278 943 551 437 46 468 963 493 763 684 655 573 398 973 546 79 535 333 183 628 641 967 760 552 511 286 185 602 152 105 414 481 15 
194 44 443 331 994 969 804 49 608 703 747 764 53 639 758 229 119 661 758 425 14 998 937 192 89 784 286 779 695 503 750 642 933 544 404 419 984 508 669 322 683 484 835 11 934 562 816 911 33 857 492 904 642 930 77 359 581 217 436 73 571 952 409 311 
969 184 74 297 337 819 78 753 753 523 342 832 804 496 479 95 566 798 291 788 499 387 436 58 146 46 343 671 456 536 347 610 897 154 47 502 202 974 758 584 213 39 664 193 531 290 612 725 285 909 809 246 624 1000 883 690 893 434 670 732 790 713 714 172 
266 852 919 844 699 248 649 696 216 435 202 63 105 58 441 837 48 157 574 295 879 781 76 439 484 725 263 429 816 941 932 585 201 290 290 495 207 825 973 882 494 934 895 119 296 545 840 947 81 922 635 619 96 674 453 851 743 147 655 753 656 611 460 303 
32 586 378 66 514 126 799 214 594 315 87 656 558 372 745 97 358 896 425 430 948 948 590 325 459 327 268 453 271 252 477 315 623 549 791 783 474 107 479 258 531 848 213 952 158 454 160 644 194 597 703 415 626 777 120 752 853 486 838 871 375 463 239 335 
263 764 111 931 769 420 540 884 851 696 531 588 106 495 49 508 164 971 851 650 467 71 451 475 751 775 390 540 800 674 842 118 869 341 537 589 883 470 406 869 673 702 328 187 520 614 249 233 623 127 72 949 954 751 736 442 667 466 356 926 836 608 377 304 
767 401 185 375 778 802 931 383 136 432 224 746 67 288 745 88 116 243 551 88 729 519 394 904 318 133 408 165 304 488 792 408 19 908 511 99 918 618 213 205 933 501 302 57 923 815 25 488 752 719 270 963 816 275 18 798 474 665 471 9 184 342 618 514 
579 157 901 235 782 131 358 617 191 278 917 665 818 877 303 329 211 614 916 119 108 570 569 106 136 64 465 520 950 720 991 793 69 480 363 102 697 453 900 90 923 388 883 966 994 284 592 810 739 789 376 836 469 331 489 70 784 150 333 634 626 875 591 366 
26 620 466 413 670 879 650 46 538 473 10 602 243 930 525 864 704 840 984 351 103 622 263 485 519 543 929 89 474 162 189 725 964 454 638 599 956 334 479 360 775 543 446 583 848 466 498 915 638 209 781 880 772 498 741 614 707 546 411 221 514 189 547 960 
409 270 115 334 930 358 224 805 850 982 577 905 69 528 384 701 519 905 856 285 792 518 286 333 738 543 700 961 265 349 836 346 569 628 44 331 958 108 904 961 856 183 965 99 471 236 169 608 871 114 576 479 672 623 389 342 70 804 317 722 163 691 230 415 
891 311 137 132 558 170 15 123 76 685 903 616 970 597 543 501 633 172 692 565 536 243 156 839 60 228 994 35 845 351 511 259 825 763 30 963 498 675 77 985 237 818 407 502 596 358 567 296 260 558 792 104 723 748 763 268 793 441 107 646 926 63 161 740 
212 652 32 171 771 599 63 158 267 441 677 877 0 282 178 318 676 826 503 785 510 65 190 373 865 309 332 835 751 891 451 941 485 577 86 242 794 250 568 338 796 408 246 738 546 666 917 693 551 735 234 271 276 406 116 29 65 970 604 357 784 673 284 65 
332 572 108 960 165 43 83 595 318 924 715 661 850 296 846 793 510 227 308 430 353 271 272 715 807 906 516 387 928 241 130 250 430 174 270 992 90 131 751 631 107 431 690 685 30 106 669 126 251 653 417 10 146 27 524 862 98 481 484 646 833 894 447 386 
728 966 387 710 505 768 545 749 564 847 883 108 444 69 446 597 385 329 978 6 712 110 950 754 512 505 629 561 722 833 920 824 239 960 922 808 49 646 84 527 280 538 216 57 564 922 330 57 462 621 431 711 114 670 364 649 450 668 608 14 81 755 333 415 
866 281 972 360 308 40 729 883 830 686 527 341 463 135 610 73 70 385 69 331 279 324 103 749 414 279 897 557 894 473 743 546 228 846 236 20 18 648 438 355 187 991 365 324 276 494 583 45 255 594 73 258 826 239 143 660 105 299 434 327 403 631 865 161 
819 299 581 739 75 590 527 391 165 357 816 66 32 765 504 653 345 358 277 494 762 986 636 1000 138 241 78 49 616 542 78 76 743 213 410 737 195 737 746 530 396 188 663 255 973 565 373 20 836 555 369 707 643 177 663 971 694 937 510 727 689 675 663 507 
783 336 895 659 282 198 290 478 317 257 527 346 573 984 501 166 409 925 762 149 498 666 741 230 733 597 894 797 629 361 846 879 142 404 959 967 694 429 914 663 300 469 168 539 920 183 255 602 251 315 538 450 689 305 805 531 457 489 319 538 263 387 274 11 
510 792 935 26 341 816 552 281 632 835 103 486 818 684 689 808 343 114 165 6 907 788 515 873 182 279 143 337 425 57 276 623 317 155 642 365 859 274 541 23 274 263 469 88 163 440 184 75 725 423 942 325 864 661 666 248 237 249 635 554 919 580 934 562 
168 117 603 600 537 946 491 248 473 778 567 251 956 694 997 206 371 467 620 950 117 910 264 930 279 547 461 924 889 732 465 574 181 549 896 561 5 901 633 370 666 877 323 825 860 758 30 185 970 891 453 906 719 220 109 688 990 85 200 185 171 898 627 214 
763 887 564 427 893 798 66 95 581 105 631 628 499 862 67 46 52 254 547 186 334 723 741 673 624 163 727 67 375 681 767 7 876 700 493 670 601 483 380 483 860 265 780 963 653 606 313 970 144 483 782 290 946 611 14 571 6 961 451 242 445 829 438 246 
228 586 635 345 256 419 570 332 279 593 656 724 531 410 84 985 177 300 964 818 38 935 340 726 195 76 713 6 312 998 185 302 483 223 149 927 357 851 235 322 805 588 601 108 948 428 38 21 133 335 124 17 358 69 79 305 747 664 749 644 344 870 894 928 
32 675 272 897 548 703 882 854 583 138 951 512 402 803 989 366 152 339 136 731 71 123 531 692 720 249 80 222 907 844 423 727 999 664 269 864 84 918 952 716 549 187 217 528 623 192 642 278 374 846 196 209 610 247 566 454 630 784 14 404 852 512 534 249 
564 856 330 744 463 359 481 331 54 498 402 363 962 553 879 942 478 680 419 413 866 887 522 476 0 152 810 847 839 462 932 446 750 607 250 822 663 464 53 851 283 976 814 707 890 635 335 370 807 898 997 977 504 546 649 454 245 66 528 937 796 178 632 994 
615 220 793 39 52 161 698 273 523 174 308 397 280 685 446 164 133 633 514 346 728 413 964 198 737 477 982 483 551 215 748 472 430 924 247 150 719 650 731 769 373 299 663 150 520 253 274 1000 654 777 684 629 667 248 724 905 656 582 750 722 66 155 673 209 
584 644 196 120 986 964 933 822 99 206 876 296 271 22 936 182 103 891 818 347 499 541 191 607 451 825 489 256 865 889 287 901 722 687 63 32 641 298 656 32 281 908 410 131 717 125 100 583 378 198 401 298 363 6 126 434 940 825 648 677 917 497 739 66 
717 138 257 289 544 103 808 591 1000 613 428 18 591 499 980 514 421 86 90 490 717 836 812 176 160 222 789 836 950 272 995 560 351 190 538 705 435 945 904 525 853 409 620 822 210 61 922 975 847 200 61 232 393 656 86 440 263 119 988 564 58 427 156 921 
481 435 813 948 396 882 481 223 4 736 551 790 95 323 21 273 184 880 851 389 11 224 577 159 690 440 567 248 144 161 820 779 984 397 916 993 363 821 637 738 633 69 673 636 689 464 117 320 49 474 61 866 732 16 366 656 383 603 198 17 953 244 999 135 
999 763 570 8 194 849 953 771 331 205 123 529 986 141 195 608 721 898 813 884 66 561 750 343 338 538 6 697 838 653 397 472 318 709 450 67 530 551 750 552 344 298 766 668 365 277 555 338 628 421 553 870 433 162 294 127 941 727 132 709 97 829 152 693 
228 475 789 297 300 241 561 546 818 315 592 868 295 377 247 762 923 152 451 609 199 260 939 721 910 397 338 513 977 85 685 342 623 717 655 764 505 258 724 376 880 571 797 643 60 624 308 349 130 752 885 103 276 764 961 894 603 732 57 746 382 569 289 520 
686 950 387 362 656 123 948 449 205 412 811 442 289 403 347 94 463 30 911 84 629 696 588 357 817 608 967 414 815 304 246 906 195 147 346 999 83 61 701 115 432 367 373 678 258 331 736 749 628 470 275 746 578 479 74 636 446 655 793 991 711 305 913 325 
808 622 89 485 349 622 397 594 158 341 457 206 489 566 895 268 568 615 641 983 72 911 115 954 388 285 520 415 719 324 381 804 951 786 951 157 789 995 252 809 723 464 376 700 810 393 6 446 392 774 768 600 730 135 953 243 797 98 382 770 553 872 706 485 
221 30 890 55 664 563 905 123 698 970 267 981 137 180 633 606 714 38 737 462 351 944 877 343 258 129 510 293 345 151 649 738 903 476 488 772 974 433 308 504 911 345 653 208 439 115 276 581 74 897 662 738 983 453 692 6 417 156 961 231 857 731 0 46 
108 663 331 519 917 90 714 84 714 559 908 366 811 349 654 779 458 967 859 10 157 28 218 905 722 458 713 977 607 29 826 401 853 829 888 308 52 968 509 745 347 930 346 827 808 783 978 893 605 939 843 894 520 130 602 995 827 812 442 777 434 367 743 628 
679 911 333 377 504 797 371 568 963 853 181 84 27 784 371 57 445 497 185 215 632 672 341 540 444 310 758 820 609 684 806 202 857 390 806 737 475 113 584 164 349 319 16 485 398 837 562 17 688 725 592 688 492 895 549 667 164 209 444 677 627 525 996 921 
624 367 815 823 886 982 277 660 639 468 583 655 806 613 168 96 543 529 725 426 875 82 652 276 302 61 277 47 894 580 489 375 39 955 471 811 590 762 398 844 537 227 768 891 121 801 434 23 321 177 126 564 506 625 756 151 917 714 658 437 462 206 812 106 
7 574 316 318 922 686 120 123 461 317 559 647 20 418 76 806 447 669 384 571 201 784 799 299 12 402 956 457 961 630 941 739 460 882 868 357 656 252 969 427 293 411 946 27 31 562 478 946 114 890 46 71 36 813 323 914 457 747 50 193 589 850 794 240 
343 128 281 56 453 34 481 739 886 970 355 195 577 632 847 618 926 595 476 337 843 428 334 892 257 762 184 544 110 215 599 7 480 165 967 582 366 781 308 322 31 416 297 408 474 1 154 168 37 162 607 901 559 417 824 516 982 867 82 885 282 468 504 680 
521 227 299 790 45 197 580 208 168 416 279 920 85 632 836 652 317 758 775 612 170 390 512 291 870 679 169 575 665 76 140 653 242 622 591 929 526 743 715 781 667 194 974 572 386 211 800 163 131 87 766 860 152 95 443 415 446 235 429 555 691 329 119 738 
215 21 390 236 405 630 155 412 530 842 289 732 469 722 472 860 321 925 915 799 161 939 354 588 990 537 760 153 513 270 836 680 611 61 173 853 167 900 676 466 355 663 290 672 470 288 618 432 848 101 455 14 299 680 904 398 467 992 654 635 431 279 997 936 
291 121 845 66 670 171 935 957 941 489 617 316 429 420 93 761 969 695 518 184 54 599 773 568 640 949 809 510 808 322 858 565 622 926 272 179 921 852 56 985 295 957 752 679 651 419 648 389 807 263 192 523 95 39 469 783 964 672 663 207 424 718 993 743 

matrix B:
530 415 615 851 840 69 933 778 440 83 487 814 173 520 287 955 598 649 346 296 640 847 131 738 25 430 56 763 299 212 385 520 869 830 314 282 705 691 531 815 864 786 965 773 726 832 115 70 105 927 445 350 133 165 435 588 395 283 615 42 300 167 126 519 
168 388 614 246 343 692 894 787 469 202 953 174 758 350 80 511 489 778 285 761 159 653 51 81 229 758 462 502 309 290 436 814 382 135 442 685 48 37 635 205 591 840 713 642 567 503 39 665 541 393 999 11 81 698 287 545 977 784 717 624 156 510 724 445 
862 859 562 541 224 554 620 426 779 650 116 354 285 556 339 286 416 941 157 941 646 476 38 862 971 955 465 592 157 931 705 468 53 576 823 646 828 252 6 834 75 33 839 152 832 825 255 566 561 781 374 656 824 924 983 920 688 460 255 113 526 58 583 43 
236 589 289 572 375 348 426 222 421 295 286 353 885 695 735 361 3 962 92 349 756 513 323 894 974 326 492 238 133 946 485 163 346 685 616 890 53 396 741 425 242 800 605 694 373 439 761 732 613 854 917 292 384 663 530 186 164 348 460 247 442 262 912 373 
909 553 800 371 146 635 913 832 54 266 286 312 749 823 244 280 155 879 103 541 357 616 705 938 342 356 446 885 421 485 412 629 362 60 34 490 359 393 743 274 932 271 227 792 949 533 921 364 840 35 431 216 116 39 706 463 569 869 584 845 383 737 501 479 
430 44 498 793 169 200 41 417 430 354 596 89 868 0 652 125 166 459 886 199 30 36 204 361 569 475 709 652 947 614 907 587 702 159 453 557 999 785 540 467 562 229 772 853 203 827 694 881 766 978 19 242 704 429 594 602 988 72 991 189 520 59 278 165 
900 524 788 942 911 389 47 95 418 850 375 168 251 541 741 996 158 792 31 765 367 892 838 484 819 683 630 432 760 79 263 121 949 97 920 796 778 312 558 272 742 789 360 838 109 665 635 156 569 252 14 411 379 529 575 5 205 916 345 851 595 135 230 475 
625 320 535 501 433 235 56 226 995 542 547 650 397 958 604 870 330 851 243 247 322 880 880 743 1 155 870 418 293 919 753 795 345 788 649 64 541 671 312 884 481 240 570 146 304 127 297 639 928 493 456 318 876 522 7 990 813 897 611 917 846 611 974 949 
766 53 288 778 194 900 526 694 497 252 208 817 296 504 88 356 936 918 340 81 593 90 681 858 611 537 397 582 357 779 847 676 358 400 930 203 786 928 3 789 288 990 348 43 129 787 46 866 125 513 44 110 713 863 763 287 563 96 36 54 389 333 626 162 
313 84 901 22 208 791 610 697 462 956 603 633 312 882 480 430 534 246 546 452 597 908 293 598 867 176 655 743 180 219 102 502 36 859 676 149 642 715 287 809 513 624 604 550 934 561 675 938 15 748 957 731 689 492 693 943 995 513 338 755 552 685 739 738 
788 193 691 895 115 694 28 898 118 714 47 556 476 465 979 411 926 757 987 598 920 693 153 440 133 732 204 767 666 26 615 669 316 223 377 152 918 590 661 616 754 393 191 1000 485 548 148 6 468 20 212 234 145 740 83 775 328 19 586 993 93 904 386 865 
613 479 227 266 409 577 845 932 796 557 349 490 271 855 27 672 736 239 167 866 330 891 101 564 993 533 906 513 816 895 347 251 561 350 76 705 728 261 861 550 635 934 785 995 748 745 820 352 732 434 53 656 140 577 755 889 453 16 960 100 261 565 700 506 
786 706 714 600 627 114 128 448 826 289 204 326 599 708 891 520 82 388 841 52 551 221 29 31 148 545 574 519 124 682 844 371 922 135 699 422 585 249 679 72 532 690 441 465 309 528 890 715 347 611 119 395 381 35 460 635 977 102 920 84 686 806 696 69 
149 462 736 755 589 79 370 558 501 125 473 859 309 220 786 255 754 549 500 243 135 166 605 782 476 34 18 941 824 113 82 884 988 882 255 308 930 827 722 329 399 431 948 487 495 957 560 503 864 318 634 200 391 825 347 523 591 553 825 513 241 104 613 596 
404 490 496 486 819 833 154 151 631 964 807 435 338 160 259 698 985 428 650 455 101 325 475 781 926 509 792 630 277 460 218 30 58 824 772 974 833 395 992 681 674 519 842 452 101 338 800 347 310 177 370 485 201 479 389 781 110 463 839 934 662 673 143 290 
864 631 910 961 722 167 2 88 507 961 134 911 387 81 219 999 692 594 188 301 256 811 970 913 265 141 333 932 710 673 203 377 475 731 170 261 552 4 349 595 187 191 802 177 813 272 187 12 618 87 532 837 395 222 25 197 949 982 232 824 714 271 578 655 
197 45 619 709 912 112 556 799 557 956 111 628 853 638 701 26 880 169 815 30 111 555 105 297 615 103 195 76 242 508 499 30 61 213 25 139 784 680 6 537 404 305 525 746 51 685 422 715 248 279 771 776 852 199 441 381 155 403 629 606 586 77 851 561 
28 745 337 410 301 854 326 89 210 654 738 315 947 352 414 20 999 581 966 871 270 680 391 104 953 132 362 44 562 343 331 882 297 34 150 741 926 390 990 351 494 913 10 549 611 293 102 949 557 350 849 682 445 301 356 131 230 42 130 933 890 861 90 987 
955 545 277 435 685 318 74 741 117 917 992 773 687 996 313 728 47 979 729 134 318 372 478 879 428 69 183 463 315 240 455 50 855 979 170 471 612 745 27 463 144 972 700 158 546 677 755 622 817 85 728 687 224 676 876 763 229 417 946 626 356 549 777 982 
954 580 868 147 243 782 629 500 127 449 544 345 186 394 962 145 224 456 954 761 272 121 350 182 225 507 332 172 172 230 490 585 275 411 348 438 526 200 656 497 811 166 282 584 709 127 416 224 577 845 600 197 904 298 162 984 287 69 10 343 765 87 518 398 
342 191 100 484 162 717 8 233 221 866 482 117 982 329 289 797 736 876 655 208 134 755 71 315 312 518 488 902 218 413 245 73 703 190 333 261 917 756 307 407 401 290 209 891 730 217 853 232 864 820 699 560 630 540 25 714 698 123 781 142 155 456 965 59 
235 663 445 824 504 692 424 17 459 718 99 863 694 912 161 111 603 173 481 472 814 526 501 155 198 911 516 546 634 417 427 177 58 994 209 927 738 3 988 275 799 63 509 264 684 293 455 606 907 618 20 10 15 39 462 147 920 698 226 520 199 38 676 642 
294 858 630 722 204 333 854 863 588 79 737 922 472 368 308 940 174 579 827 507 894 832 697 5 891 979 126 684 983 802 293 146 780 57 19 449 586 220 667 11 893 669 642 481 966 182 302 479 186 542 63 930 832 276 233 185 85 669 370 745 997 591 427 757 
362 147 310 123 656 821 327 54 289 908 688 756 490 171 643 883 162 868 564 695 88 255 532 374 275 978 363 710 329 212 24 542 14 160 758 938 882 597 524 82 342 105 753 538 463 228 507 805 723 716 787 260 867 535 542 330 324 505 47 11 195 989 565 858 
985 57 543 929 398 634 320 239 680 304 548 708 33 941 714 126 8 933 360 118 437 31 553 847 708 402 286 287 478 264 659 587 122 568 191 839 423 80 285 12 61 737 266 416 295 769 914 624 129 666 112 346 905 842 402 587 587 770 588 87 697 265 257 433 
20 67 987 969 543 824 154 584 206 46 854 442 683 228 478 884 407 997 874 657 62 278 812 516 804 265 229 126 698 756 372 287 419 618 11 368 395 308 611 577 831 785 877 423 365 342 857 797 624 319 51 489 230 633 231 22 593 637 175 247 981 477 362 394 
653 487 905 167 543 94 348 510 206 523 925 945 30 464 198 116 213 16 969 720 375 225 797 512 30 860 641 271 891 196 489 602 474 542 893 270 836 238 810 134 761 67 172 714 511 656 347 881 660 821 380 658 588 553 678 206 867 559 924 782 11 53 302 337 
940 939 341 845 761 892 840 121 629 31 857 610 549 118 381 973 640 188 374 178 337 687 854 413 768 265 726 896 319 649 806 325 276 281 605 171 360 657 488 889 855 36 867 311 657 847 528 651 199 195 434 431 260 941 143 78 286 466 365 45 460 544 544 856 
314 172 680 971 401 414 90 362 975 269 323 251 271 10 199 383 952 83 163 270 679 693 349 281 392 514 803 288 795 320 413 126 10 572 248 770 598 96 887 986 142 33 761 956 673 109 582 834 135 947 214 287 211 712 697 664 505 144 741 663 401 635 696 587 
376 796 874 849 219 985 535 541 639 763 561 669 775 554 541 343 279 34 264 938 179 995 71 616 937 269 204 398 395 108 47 358 712 158 456 137 226 907 448 204 797 868 572 141 586 837 598 313 668 403 823 337 861 464 669 452 653 550 68 593 721 411 851 565 
90 499 659 86 576 557 915 788 370 101 773 50 61 160 981 244 234 228 805 424 988 548 374 896 963 316 778 334 694 734 548 171 670 254 384 224 998 316 906 677 667 563 54 616 89 523 526 416 934 486 53 506 551 238 581 931 221 615 242 737 165 887 656 51 
210 787 928 420 392 94 369 267 589 428 54 243 212 569 804 817 25 786 974 56 87 377 317 966 101 535 36 788 594 549 700 317 802 678 526 370 520 683 827 739 786 632 769 750 141 422 372 770 132 582 784 732 165 349 327 957 616 312 607 787 204 115 893 126 
112 963 572 870 876 69 760 9 112 526 12 157 34 202 999 646 714 507 124 98 39 458 324 438 654 577 5 513 336 400 798 385 695 93 109 511 147 155 495 331 453 808 783 630 564 813 812 170 279 129 585 58 332 934 455 661 374 960 851 177 670 557 667 593 
769 307 851 296 260 113 538 319 331 678 337 956 123 296 158 464 958 340 322 539 314 471 486 779 493 240 844 5 958 806 457 919 771 622 355 504 697 605 518 777 75 139 277 703 542 330 91 464 61 749 982 729 516 485 313 51 781 905 953 840 120 36 11 496 
673 468 846 38 80 879 817 257 853 425 227 916 953 316 107 376 655 215 313 129 452 936 962 177 717 518 380 708 16 623 386 752 571 178 917 176 814 390 737 243 389 667 934 363 441 703 598 852 687 875 896 461 493 264 653 976 78 187 209 157 180 932 911 622 
599 430 172 108 333 349 605 86 519 906 249 795 943 376 838 963 957 333 517 450 56 713 738 984 848 899 318 629 620 846 903 864 820 260 954 966 877 574 40 37 973 467 656 662 669 840 497 262 820 362 853 941 256 720 775 907 904 939 945 69 40 76 222 253 
776 137 489 350 527 932 729 830 128 722 213 598 684 599 481 21 499 802 708 897 9 515 677 296 880 476 143 571 14 976 2 125 393 597 209 716 44 129 154 734 202 353 879 754 612 684 184 373 377 706 724 8 621 963 295 56 257 878 472 714 382 882 266 664 
32 932 753 540 67 223 203 95 651 422 97 200 773 71 696 632 735 159 427 77 983 2 339 717 884 147 56 199 0 699 507 982 646 638 105 674 380 952 888 332 203 102 819 907 196 723 165 280 341 867 959 977 158 501 14 463 705 951 701 621 403 905 293 72 
853 936 880 573 320 376 462 871 764 303 412 366 731 827 540 225 966 922 383 794 399 820 860 231 555 291 581 400 686 460 558 447 333 908 201 43 45 545 593 197 303 207 824 342 485 70 684 289 61 685 179 295 726 580 74 85 679 3 351 372 716 240 189 294 
513 560 276 314 764 187 710 31 587 105 665 128 11 865 909 588 613 701 761 968 849 660 846 99 722 475 732 45 804 490 897 885 53 529 836 637 486 389 581 444 83 222 931 835 690 651 961 843 565 474 987 740 768 47 422 620 445 257 222 751 558 609 54 61 
837 922 587 719 616 168 703 44 833 686 853 326 650 761 429 143 621 917 514 473 283 948 237 739 737 545 149 305 821 795 768 685 857 455 970 371 334 175 968 732 592 73 966 12 55 61 444 291 163 376 996 307 329 459 532 624 866 907 142 454 756 450 931 937 
857 417 843 702 335 685 383 476 181 383 107 925 505 600 376 599 588 268 970 338 988 465 282 161 764 858 522 604 516 141 229 721 419 490 295 172 527 32 710 738 123 927 417 541 438 914 777 535 48 259 489 807 604 122 384 15 324 362 402 77 443 254 355 196 
913 868 561 457 963 901 733 862 666 49 810 23 983 199 869 561 579 893 50 771 342 533 139 577 389 416 354 102 418 114 311 497 453 93 116 122 518 206 45 784 401 198 111 417 914 965 894 765 536 87 597 41 908 999 981 853 299 405 345 6 253 794 296 255 
324 252 745 52 813 551 883 39 170 596 877 991 58 748 425 285 168 83 292 142 287 935 503 822 458 150 880 407 996 728 485 40 405 798 935 262 485 145 542 254 95 460 126 485 719 849 711 425 224 256 789 37 298 626 753 992 410 559 800 881 560 53 683 328 
978 216 714 742 330 576 771 921 853 527 149 102 755 384 475 29 852 929 173 543 144 76 856 750 968 492 825 476 296 926 294 290 5 890 990 469 568 366 328 137 489 748 92 4 133 566 150 406 949 313 847 457 619 194 622 803 436 427 482 348 788 924 84 722 
543 140 356 582 83 973 545 971 142 923 359 739 943 763 937 705 754 604 833 249 152 968 142 185 897 698 140 230 436 459 99 922 97 357 337 248 445 112 563 780 22 241 115 560 479 45 951 132 149 562 776 625 434 703 203 49 814 439 906 973 397 688 629 640 
845 980 920 210 761 132 575 961 935 289 610 269 393 309 99 907 276 443 103 193 259 52 188 453 762 784 990 875 265 212 886 710 520 472 350 209 938 180 258 318 457 698 595 905 735 147 983 4 874 239 497 672 736 742 590 780 241 123 936 621 450 281 117 725 
828 681 384 958 185 153 928 525 899 948 821 91 477 955 872 915 380 417 881 765 373 924 491 297 284 965 975 578 92 741 690 6 649 880 953 646 288 53 306 48 357 145 599 926 691 21 79 470 136 706 668 539 935 530 837 879 664 478 877 598 943 953 284 109 
900 691 781 699 128 201 749 662 142 679 203 248 493 52 671 106 957 801 465 260 686 220 261 374 843 884 389 725 328 101 54 624 154 886 42 992 147 764 929 484 392 614 165 347 69 24 544 545 418 689 902 101 33 162 462 490 571 735 393 868 922 776 350 842 
843 847 546 667 179 881 730 48 627 774 304 145 8 806 884 241 382 437 884 215 616 161 32 758 686 971 434 250 682 178 328 90 330 184 2 9 171 902 126 385 338 675 152 420 994 28 11 349 421 272 476 229 167 410 629 929 657 157 468 145 634 997 360 718 
701 588 881 121 0 655 91 228 541 683 838 383 339 743 660 338 220 660 363 143 966 613 551 300 891 824 410 551 566 418 22 175 596 124 890 326 871 431 964 831 389 118 589 54 987 717 796 632 394 628 490 684 669 272 284 170 211 879 627 824 387 313 428 391 
579 293 931 401 775 854 937 725 482 802 135 971 686 445 611 116 360 825 627 791 815 678 544 609 677 503 808 972 344 825 447 622 171 600 459 337 4 949 960 317 555 688 195 858 989 871 208 956 77 131 17 658 392 29 389 444 821 439 274 871 980 762 731 767 
509 555 218 146 94 954 274 840 457 683 614 185 950 474 37 443 789 128 435 774 158 917 456 762 40 313 299 97 60 584 238 74 625 241 662 823 281 628 394 909 328 125 800 719 392 84 339 272 984 221 817 575 16 458 509 929 965 459 678 155 47 888 905 595 
189 420 881 497 551 184 621 770 618 800 931 328 127 103 769 172 882 0 983 112 256 875 360 957 348 359 184 45 54 426 701 132 409 447 20 861 524 447 62 524 164 652 314 133 817 165 815 686 627 214 928 58 109 794 172 636 431 323 969 547 404 81 780 117 
619 18 1 286 259 827 33 424 69 735 121 741 278 989 460 789 246 470 813 90 423 996 369 517 387 673 935 523 985 497 388 880 827 594 708 21 111 651 572 679 585 697 805 50 217 352 604 167 754 594 797 674 91 30 38 185 133 942 653 236 497 745 221 905 
531 161 665 489 633 635 311 389 667 86 298 816 85 625 737 479 772 480 340 51 132 818 992 492 866 999 533 955 742 844 929 353 826 191 266 754 924 912 536 676 378 615 589 596 190 160 229 854 644 523 515 236 172 670 923 563 366 772 176 551 411 279 592 216 
102 916 92 377 224 521 529 220 919 396 640 337 985 486 100 94 103 277 937 831 561 743 43 43 263 41 184 398 852 1 683 812 327 563 655 488 617 949 991 534 372 837 446 312 961 511 54 17 15 267 262 638 394 577 329 307 285 153 256 791 280 860 142 905 
277 571 551 538 121 121 149 90 865 28 774 27 114 443 74 56 3 491 233 247 811 852 309 446 637 95 829 848 677 177 717 312 115 131 199 277 181 250 605 337 515 745 815 164 340 159 890 892 379 724 337 543 605 676 168 660 37 335 450 644 170 274 241 500 
478 295 594 148 784 823 31 594 176 595 59 956 191 632 964 511 602 205 7 23 903 631 29 251 48 613 465 267 75 997 723 507 407 692 901 850 598 249 280 784 190 915 979 72 512 826 499 437 996 887 458 474 141 884 209 838 145 888 16 891 411 724 681 124 
727 777 293 763 541 538 790 795 654 358 615 57 922 479 315 938 922 173 415 721 132 520 379 418 589 965 513 14 34 423 1 995 208 106 16 954 971 72 242 477 504 30 224 36 10 155 434 446 266 616 951 846 836 48 994 840 488 964 398 596 133 903 477 560 
807 674 598 379 664 482 295 486 322 362 44 285 321 279 892 547 330 135 57 118 961 930 55 638 902 314 221 839 504 232 897 212 815 458 338 698 629 892 811 228 162 980 395 554 891 643 71 112 616 987 378 485 961 636 614 771 511 698 70 47 838 743 681 555 
88 693 661 417 255 868 595 288 475 168 513 285 139 469 177 277 691 73 849 892 144 82 780 129 680 43 716 986 941 809 274 967 243 359 514 527 73 658 215 572 92 948 888 655 593 306 143 946 15 653 2 807 173 268 409 203 560 467 410 319 448 262 561 584 
838 788 454 398 206 289 574 745 797 376 96 1 533 358 785 72 139 877 294 335 594 749 605 431 420 432 642 585 428 61 459 590 158 0 809 977 295 658 829 324 145 27 941 873 992 818 486 501 474 204 952 129 291 296 509 757 151 697 349 366 958 847 552 53 
708 955 112 186 223 118 758 142 227 414 558 92 885 330 527 99 667 551 567 279 273 225 904 28 687 618 843 27 52 0 73 258 801 675 557 818 681 686 723 72 603 583 684 398 556 24 478 417 816 878 652 222 140 480 440 556 943 150 905 782 612 401 813 483 

