matrix A:
79 854 707 592 922 208 749 270 306 651 432 205 979 737 481 855 
556 434 809 814 428 475 967 620 17 669 382 41 433 818 412 727 
636 116 410 669 63 24 127 433 258 300 230 632 656 355 28 730 
4 0 36 848 56 250 965 980 625 505 52 281 279 728 956 862 
695 503 579 895 828 300 657 18 562 348 745 576 873 700 608 757 
657 9 764 690 911 374 488 711 818 751 348 61 500 479 863 283 
163 392 909 948 468 701 626 777 822 447 705 546 534 558 813 624 
57 139 686 695 836 590 676 41 531 694 99 210 29 438 585 337 
609 765 32 544 448 640 588 6 633 711 433 237 832 248 382 328 
455 130 948 26 260 657 37 5 37 457 606 138 581 481 952 387 
577 858 801 61 4 944 572 608 553 723 394 704 677 21 807 144 
869 876 451 857 397 631 184 772 669 221 167 934 171 924 781 501 
56 258 307 777 725 100 55 885 538 997 84 149 804 275 825 353 
795 663 3 219 488 960 296 904 509 841 682 585 543 467 598 290 
113 951 474 129 410 340 156 808 283 400 550 369 487 306 970 300 
529 123 365 761 476 180 331 131 358 312 492 353 290 679 237 540 

matrix B:
251 41 912 939 266 216 442 99 0 576 603 172 302 871 224 892 
197 242 421 176 518 258 356 505 328 169 720 402 914 292 59 272 
636 491 901 335 521 426 610 643 822 876 929 285 264 91 348 582 
448 926 216 993 128 674 137 829 697 644 192 901 881 1000 740 667 
646 685 337 664 80 551 242 999 522 713 499 388 440 928 67 1000 
352 167 359 460 217 248 530 943 912 358 458 704 944 464 703 507 
800 834 309 290 20 546 700 492 923 635 89 349 287 697 313 81 
545 822 456 535 238 614 619 803 434 778 295 994 13 892 143 921 
509 239 897 575 890 845 657 886 51 251 152 790 994 508 526 283 
436 437 745 501 336 754 432 261 693 647 608 892 15 818 185 736 
245 84 726 85 76 612 436 704 917 188 26 93 2 788 874 763 
604 33 398 123 176 260 733 917 685 504 807 113 185 281 962 587 
175 87 117 588 992 812 340 477 524 108 627 73 915 724 949 824 
933 867 826 442 294 110 33 131 435 574 793 843 968 300 567 933 
413 815 166 615 219 776 976 866 468 317 805 92 33 341 202 729 
233 977 198 522 405 566 246 491 449 926 417 927 198 77 786 773 

