matrix A:
664 836 749 410 373 639 900 543 600 36 476 645 557 812 527 755 829 28 342 963 254 144 785 651 994 364 576 100 145 959 545 701 
955 790 652 878 995 233 708 826 294 491 415 480 373 520 690 348 346 230 212 706 160 599 711 871 927 648 436 909 771 443 294 599 
317 852 227 619 331 884 566 223 638 115 213 546 354 38 713 280 453 560 815 552 118 390 636 164 972 736 631 254 459 756 247 375 
998 554 251 294 657 253 511 99 272 742 505 718 822 512 696 208 988 456 210 845 392 117 793 121 786 902 740 103 796 495 24 932 
68 989 476 106 888 299 201 179 862 28 476 417 488 488 82 886 601 997 766 454 383 732 423 658 556 112 484 375 127 747 624 888 
700 562 635 166 510 452 61 545 252 65 186 769 193 44 943 120 962 300 608 370 880 176 697 758 163 609 585 798 559 447 437 597 
522 365 380 289 498 860 918 943 138 550 353 940 189 656 623 421 322 370 612 175 901 384 384 861 838 747 540 26 558 542 96 71 
634 191 487 924 882 195 130 606 50 635 695 950 677 915 745 729 307 338 579 754 518 257 377 853 8 66 66 390 279 262 69 674 
491 952 951 239 218 828 379 630 324 865 892 180 815 873 399 198 767 175 906 301 898 298 918 466 291 418 362 870 151 171 772 152 
59 393 800 951 65 85 734 21 897 199 935 263 269 113 331 636 100 847 851 758 460 405 167 287 919 113 114 840 415 825 225 512 
283 663 184 953 703 83 817 282 105 779 538 286 104 731 363 112 296 24 547 32 823 527 415 731 288 850 177 136 952 821 622 396 
824 994 82 295 38 377 832 377 431 834 107 34 506 33 158 104 190 541 65 851 359 167 637 43 498 70 662 525 22 613 975 929 
452 52 601 206 239 701 974 271 737 470 749 276 862 855 271 77 686 152 803 290 63 963 310 213 485 484 373 867 439 781 396 94 
291 625 773 781 439 544 810 409 912 192 138 155 758 379 472 903 883 64 59 561 699 898 952 540 60 513 370 301 530 923 49 439 
610 510 682 170 950 353 516 358 68 417 695 78 455 418 90 843 663 472 998 27 75 212 306 16 165 36 993 260 88 560 271 3 
656 72 322 383 447 95 698 453 866 752 669 301 269 854 317 52 957 951 915 838 543 235 630 916 886 619 359 155 478 890 26 82 
249 576 596 20 268 187 667 520 452 647 545 28 69 61 643 892 149 323 133 802 537 277 192 580 765 303 694 872 303 590 752 940 
180 201 396 172 728 950 305 65 531 482 904 619 956 488 532 459 466 221 634 208 655 339 132 480 705 727 107 448 357 926 637 451 
670 607 660 143 765 190 927 421 580 919 522 304 208 348 913 565 777 473 708 569 450 676 92 83 421 698 717 496 931 208 913 293 
144 926 178 483 975 94 400 59 784 375 71 705 375 243 640 160 70 974 260 674 835 850 388 635 312 696 3 629 616 695 578 919 
985 406 51 233 40 74 1 723 665 340 28 71 175 56 329 132 373 319 539 556 780 750 531 866 448 46 917 460 161 936 752 847 
447 928 967 47 327 5 735 865 253 731 913 508 916 476 968 426 295 440 342 425 678 882 842 697 686 140 222 987 535 710 474 915 
709 768 737 795 553 100 58 830 570 837 278 779 806 442 671 421 13 555 738 341 820 3 5 527 958 540 319 658 332 135 626 381 
757 112 732 141 963 308 70 193 682 309 720 862 953 787 939 557 862 43 119 962 777 32 857 690 809 66 700 91 548 772 257 930 
169 792 849 82 953 467 686 767 984 388 115 910 940 732 966 57 566 780 743 195 310 172 625 297 586 677 889 449 603 534 244 168 
993 277 495 432 424 853 529 486 151 75 225 444 770 135 179 873 827 928 395 843 22 917 4 131 31 854 572 678 50 36 103 779 
597 593 587 628 862 941 340 335 191 722 6 24 340 801 183 20 106 625 114 517 726 22 870 759 240 125 892 181 219 204 930 796 
59 308 778 170 723 803 655 793 578 131 126 814 270 543 621 421 884 219 209 751 851 208 705 439 712 437 167 654 637 50 805 231 
214 351 955 927 723 535 104 622 398 103 92 636 99 219 901 315 506 844 678 705 580 999 743 626 65 240 869 208 166 246 752 355 
326 29 346 303 996 132 233 221 532 890 626 37 1 743 260 811 511 253 352 215 765 499 444 114 117 395 168 382 670 727 960 106 
395 607 494 190 443 116 310 205 120 714 532 97 23 660 387 288 768 531 704 685 850 892 287 444 525 484 124 626 324 909 444 677 
380 331 250 204 323 191 548 422 705 377 708 109 418 54 448 771 528 557 333 755 53 812 204 18 935 303 748 717 549 498 637 846 

matrix B:
356 225 939 244 691 643 68 992 36 472 166 601 537 516 85 424 38 501 71 237 648 667 460 43 243 608 966 814 160 93 968 201 
414 743 348 618 21 88 21 187 508 508 465 40 736 456 654 275 934 274 486 946 29 979 80 13 231 624 70 340 305 183 470 360 
101 408 571 84 693 756 629 172 601 302 42 29 266 994 180 110 649 366 955 30 435 620 234 93 557 615 372 220 815 302 968 329 
984 839 775 655 327 851 991 858 409 130 669 83 494 929 484 162 682 23 462 488 703 560 143 32 839 921 647 233 406 623 475 63 
533 532 227 794 719 957 615 612 622 281 152 642 103 573 934 822 753 266 257 106 443 844 115 354 705 10 220 518 332 314 97 163 
195 79 640 138 656 80 226 700 487 440 697 773 434 48 343 467 727 719 643 531 518 570 881 806 889 945 248 436 222 377 453 530 
558 938 36 739 987 603 609 574 916 406 115 19 187 228 159 326 400 284 111 817 914 347 334 382 629 948 612 776 497 500 341 301 
749 593 8 756 84 320 46 583 26 346 214 221 53 914 142 387 195 788 20 570 210 151 396 84 72 892 47 153 944 557 61 307 
222 633 435 768 104 964 568 456 702 708 674 74 175 280 374 58 738 57 52 794 784 929 607 269 378 901 691 894 843 742 353 739 
518 165 327 75 185 417 902 463 245 33 774 551 822 629 193 225 504 337 41 169 783 549 773 178 964 975 985 597 685 352 400 961 
955 979 155 12 493 833 626 620 913 109 672 625 432 684 563 264 36 960 688 974 557 246 536 83 599 427 194 788 411 494 591 128 
389 412 952 57 145 451 373 938 901 910 500 716 559 341 947 342 191 215 526 560 318 549 576 109 182 461 502 199 281 103 923 10 
264 879 211 4 404 574 540 445 248 367 959 978 590 404 852 174 117 960 887 1000 895 296 111 503 390 94 304 398 744 592 481 671 
960 882 861 52 958 639 989 284 938 484 934 954 506 913 841 846 853 760 290 682 640 56 934 412 691 85 234 239 937 791 207 745 
20 890 153 247 652 712 876 669 753 240 256 607 5 934 705 855 216 42 359 517 530 550 771 609 680 237 809 431 784 678 373 427 
825 703 492 770 110 257 808 603 479 229 553 527 808 426 562 917 202 818 926 805 543 488 837 265 4 376 913 568 288 782 371 575 
329 867 198 704 713 213 196 496 467 114 386 22 366 918 711 162 74 624 515 555 997 124 900 534 555 109 562 778 99 103 415 325 
463 825 3 171 641 736 956 87 912 516 71 175 617 447 647 248 339 98 299 323 520 893 525 121 284 874 105 23 591 218 466 347 
379 646 237 308 523 105 973 901 639 566 474 980 8 872 353 107 757 246 536 701 77 372 726 690 795 147 291 50 997 205 533 802 
817 115 134 389 124 200 507 416 368 126 35 537 541 235 970 747 391 783 257 602 83 452 770 129 458 552 563 995 417 272 869 47 
153 161 647 832 373 517 821 728 212 792 943 462 767 945 484 71 405 109 744 189 134 223 885 315 286 972 967 372 972 785 273 494 
692 572 730 429 198 145 521 814 135 222 300 938 811 352 60 975 975 56 62 286 675 226 88 95 619 148 963 70 570 119 810 43 
462 112 950 454 43 698 765 862 96 721 332 933 159 819 132 544 552 508 220 418 251 452 112 647 849 90 801 624 683 974 395 723 
414 852 691 570 681 573 382 213 461 816 855 674 255 104 80 445 182 912 393 186 507 52 752 318 480 756 357 609 389 993 601 717 
528 147 911 904 105 536 786 743 566 829 837 777 474 974 253 673 421 1 915 165 915 992 251 565 144 601 741 132 670 671 430 319 
662 818 858 836 527 683 233 873 64 482 195 994 434 390 546 182 811 925 433 845 89 959 45 800 364 744 587 825 15 690 200 437 
906 736 772 921 334 428 879 544 888 812 529 795 811 47 577 786 729 470 988 452 827 294 129 767 113 111 869 155 188 202 396 287 
12 248 163 764 502 235 136 617 485 446 237 120 751 855 298 968 558 510 19 970 664 780 642 634 123 249 804 148 446 598 730 130 
98 857 14 794 667 422 606 951 345 744 14 280 626 720 642 501 894 835 183 567 492 121 518 375 827 812 3 764 289 514 236 496 
575 133 459 797 844 943 112 190 447 435 450 914 109 84 469 881 467 947 260 668 220 172 309 481 965 107 111 941 374 362 11 930 
365 433 404 440 437 368 160 161 282 811 285 580 29 608 802 368 294 450 721 482 81 515 210 395 577 524 402 559 381 52 732 897 
175 444 77 766 59 745 620 541 42 28 789 863 746 368 868 553 425 257 100 466 40 695 556 562 34 172 6 926 134 142 370 445 

